0 0.602649 0.160425 0.172185 0.084008
0 0.794702 0.158907 0.176600 0.085020
0 0.602649 0.275810 0.198675 0.079960
0 0.796909 0.273279 0.167770 0.072874
0 0.247241 0.407895 0.167770 0.085020
0 0.437086 0.406883 0.185430 0.082996
0 0.843267 0.561741 0.185430 0.080972
0 0.166667 0.543522 0.183223 0.089069
0 0.552980 0.538462 0.187638 0.087045
0 0.248344 0.696356 0.165563 0.080972
0 0.433775 0.698887 0.165563 0.086032
0 0.533113 0.805668 0.143488 0.068826
0 0.154525 0.802632 0.132450 0.064777
0 0.218543 0.944332 0.150110 0.082996
0 0.571744 0.945850 0.158940 0.065789
