0 0.608333 0.276172 0.141667 0.103906
0 0.764583 0.257422 0.162500 0.108594
0 0.464062 0.576562 0.086458 0.076563
0 0.575000 0.581250 0.112500 0.085938
0 0.852604 0.801172 0.142708 0.128906
0 0.610938 0.748828 0.132292 0.111719
0 0.363542 0.721875 0.097917 0.087500
0 0.696354 0.713281 0.038542 0.089063
0 0.733854 0.676562 0.026042 0.075000
0 0.768229 0.652734 0.026042 0.069531
0 0.446875 0.894922 0.091667 0.094531
0 0.565104 0.921484 0.132292 0.099219
0 0.758333 0.941016 0.045833 0.075781
0 0.618229 0.423438 0.134375 0.103125
0 0.776042 0.413672 0.162500 0.105469
