0 0.538021 0.350391 0.090625 0.066406
0 0.629687 0.352734 0.078125 0.067969
0 0.533854 0.441797 0.086458 0.061719
0 0.626042 0.441016 0.085417 0.057031
0 0.651563 0.664844 0.084375 0.071875
0 0.372396 0.541406 0.080208 0.062500
0 0.455729 0.544141 0.078125 0.057031
0 0.369792 0.765234 0.081250 0.063281
0 0.459896 0.766016 0.078125 0.061719
0 0.518229 0.955078 0.078125 0.052344
0 0.357812 0.961328 0.073958 0.058594
0 0.511979 0.644922 0.082292 0.063281
0 0.330729 0.648828 0.084375 0.064844
0 0.509896 0.849609 0.069792 0.053906
0 0.330729 0.848047 0.071875 0.060156
