0 0.468391 0.173642 0.195402 0.108638
0 0.676724 0.154497 0.212644 0.114871
0 0.474856 0.341941 0.196839 0.108638
0 0.696121 0.333037 0.216954 0.115761
0 0.265086 0.518700 0.125000 0.091719
0 0.410201 0.524933 0.136494 0.095280
0 0.797414 0.772484 0.204023 0.146928
0 0.464080 0.715049 0.175287 0.115761
0 0.584052 0.675868 0.050287 0.097952
0 0.635057 0.637133 0.045977 0.097061
0 0.136494 0.681656 0.129310 0.104185
0 0.405172 0.912734 0.169540 0.113980
0 0.241379 0.882012 0.146552 0.102404
0 0.670977 0.933215 0.063218 0.090828
